22.

Aber der vielgeschaftige Mussiggang treibt uns um (Dich auch), zu Schiffe und zu Wagen suchen
wir das Gluck (Du auch). Was Du suchst (das Gliick) ist hier, in Rom, ist in Umbrae, ist iiberall,

wenn der Gleichmuth der Seele, die innere Freiheit Dir nicht fehlt.“

t-‘t-*h—flb-‘bd
9¹2⁶*92Nss-

16.
17.
18.
19.
20.
21.
22.
23.
24.

-r .

26.

27.

28.

23
30
λ 31
32
35.
31

36.

Ξφφμφφψῳψν

15 17.

13ἶ (zu 111. 11. III.

[27.)

DER BEHANDELTEN GEDICHTE.

NACHWEIS

Scite.

37. 10. 15 17.
38. 10.
11. 1. 17.

2. 11. 17.

3. 11. 17.

4. 9.

ὁ. 9.

6. (3

7. (ἲ. 10.

8. 9.

9. 11. 13

10. 3. 5. 11. 13.
11. 11. 13. IV.
12. 6. 8.

13. (’1. 15.

14. 11.

15. 11.

16. 11.

17. (5. 10. 15.

18. 3. 11.

10. 13 (zu III. 25.)
20. 8.

111. 1. 15. 16.

’2 15.

3. 15. 17.

4. 5. 15. 17.

5. 15.

6. 15. 16. C.
7. 9.

8. 6 15.

9. 9.

10. 11.

11. 13 14.

12. 3. 5. 10.

13. 5. 4

1⁴. 15. am lenm· zu 1.
15. 10.

16. 11.

17. 10.
18. 13. 14.

- >ἱ>ἧΰ 1’·<“”ῖ< ·

Scite.
19. 10.
20. 9.
21. 10.
22. 13.
23. 13.
24. 15.16.
25. 13.
⁴26. 10.
27. 13.
28. 9.
29. 613.
30. 3. 4. 8.
1. 10
2. 8. 5. 18.
3. 3 4. 8.
4. 1518.
5. 1518.
6. 13.
7. 3. 4. 11. 13.
8. 8.
υ. 8.
10. 10.
11. 6. 0.
12. 10.
13. 10.
14. 1518.
15. 1518.
8. 15.18.
1. 6. 15. 16.
2. 3 4. 6.
3. 6.
τ. 1516.
11. 15'. 16.
11. 3.5 10.
13. 3. 5. 11.
14. 3. 5. 8.
16. 3.15. 16.

SATIREN.

Seite.
I. 1. 12².

3. 14.

4. 1818.
4. 5.
6.

6.
16. 18.

ΓῙΦ

‚05⁵

16. 18.
16.

16.

6.

,as-³20:-

EPISTELN.

1. 1. 5. 6. 12.
2. 512.
3. 1517.
4. 1012.
5. 5.
6. 12.
’.·. 6.
8. 1213.
9. 1517.
10. 6.
11. 12. 21.
12. 10.18.
13. 16. (zu Ep. 1. 20.)
11. 6.

,-

15. A.

16. 6. 12.
17. 16.

18. 16.

19. 8. 16.
’Ὀ 6. 8. 16.

11. 1. 16. 18.
2. 5. 16. 18
A. l’· 16. 18.

